3.821314945916427064e+02 2.039710639883371641e+02 3.770110000000000241e+02
4.905226574476301948e+02 2.881914735478189868e+02 3.772850000000000250e+02
6.428713817965875705e+02 7.053707928800369018e+02 3.773090000000000259e+02
4.001837930742084382e+01 2.849913819878290155e+02 3.772909999999999968e+02
-2.132929322645377965e+02 2.264597367106741785e+02 3.773389999999999986e+02
1.572778628695587884e+02 -6.247848845797904005e+01 3.772579999999999814e+02
4.101288600697928928e+02 3.984330840954743280e+02 3.772699999999999818e+02
2.565099426135624299e+02 5.450619024464659788e+02 3.772139999999999986e+02
7.983966492102482562e+02 7.924120941474456004e+01 3.770020000000000095e+02
6.327190537840174329e+02 7.060169818809310982e+01 3.770179999999999723e+02
-1.415356482254638308e+02 3.953680004211604455e+02 3.770500000000000114e+02
5.989499675045808544e+02 5.838881274011710047e+02 3.772540000000000191e+02
2.344809036473719175e+02 1.306061370866373466e+02 3.772529999999999859e+02
9.316202364546218178e+02 8.478511018213737316e+01 3.773000000000000114e+02
3.860059182596236269e+02 -2.136818879222980740e+02 3.772980000000000018e+02
-7.102113993066902253e+01 8.615425259623773400e+02 3.766229999999999905e+02
3.545619098043230792e+02 6.993796783163689952e+02 3.768050000000000068e+02
3.650242786981269205e+02 9.296894106823755237e+02 3.768720000000000141e+02
-2.421061587862334363e+02 8.938898328205652888e+01 3.769610000000000127e+02
-4.005987635172309638e+02 4.275396610693026105e+02 3.771229999999999905e+02
-4.230508977528124888e+02 -2.076266613684501863e+02 3.772389999999999759e+02
4.086393296226218013e+02 7.470356726550467101e+02 3.772660000000000196e+02
3.424842940795707591e+02 3.479702015611192678e+02 3.771800000000000068e+02
4.623101176513471273e+02 5.477342305518584453e+02 3.771000000000000227e+02
-2.097903378344540215e+02 2.308145012631291024e+02 3.772359999999999900e+02
-3.077488875387830944e+02 7.627093351120390707e+02 3.772040000000000077e+02
4.094189896215947329e+02 2.815188379779135062e+02 3.772520000000000095e+02
-1.067735797559814728e+02 -8.102927040516112811e+02 3.770659999999999741e+02
1.549469981532316467e+02 -1.184749788581475514e+02 3.770899999999999750e+02
-2.676668494390340811e+02 -1.857933881046794795e+02 3.769479999999999791e+02
-1.931103139049142783e+02 8.137916095557554854e+02 3.771809999999999832e+02
-7.255719159353594705e+01 1.768132819748552720e+01 3.769100000000000250e+02
2.533648548118874544e+02 -2.669758135274064443e+02 3.768029999999999973e+02
4.747053097483131978e+01 -4.153895306194573323e+02 3.750049999999999955e+02
-4.260388213546526686e+02 7.804080566451494860e+01 3.763509999999999991e+02
5.135209067167024841e+02 1.459395792242888092e+03 3.757599999999999909e+02
5.378103413420508332e+02 8.061396797883958243e+02 3.764759999999999991e+02
-9.715969668072176546e+01 6.879126748626367771e+02 3.761750000000000114e+02
-7.702243303390698657e+02 1.014531071807056151e+03 3.760539999999999736e+02
4.912891340469227544e+02 3.883327866884874879e+02 3.770310000000000059e+02
5.612079327689734782e+02 -2.975068738240951234e+02 3.772549999999999955e+02
4.332393736256673833e+01 3.974817553943057646e+01 3.772599999999999909e+02
-2.638545436040640197e+02 1.429027279480577306e+02 3.772699999999999818e+02
-1.760447739662093909e+02 -4.351209707593545772e+02 3.772699999999999818e+02
1.080224024289068012e+02 3.891413915555096992e+02 3.772549999999999955e+02
-1.087462443703292934e+02 3.308307557939496064e+02 3.772389999999999759e+02
-1.317869823672360212e+02 4.489761866580488459e+02 3.772099999999999795e+02
2.418795440722960279e+02 5.636555333492864293e+02 3.770779999999999745e+02
3.169596225774357663e+02 -7.707031082389107723e+01 3.771610000000000014e+02
3.496183010151554527e+02 6.069401584019066149e+02 3.770240000000000009e+02
-3.256004436256036456e+02 1.641556024406687015e+02 3.749010000000000105e+02
5.500604259347309153e+02 -4.901670712746443996e+02 3.753720000000000141e+02
8.848229021336527467e+02 -5.717695350898054585e+00 3.751109999999999900e+02
1.596697289244564786e+02 3.507422148570439049e+02 3.747520000000000095e+02
-5.541252885894857627e+01 2.148048639044314996e+02 3.757389999999999759e+02
-1.075736758808733953e+02 -2.282398824567736710e+02 3.752400000000000091e+02
-3.634405575593437447e+02 -7.230442148175973216e+02 3.747730000000000246e+02
-6.453428465870472337e+02 1.121203743517246949e+03 3.765699999999999932e+02
-2.840397331272036467e+02 -1.014572639593643544e+02 3.771920000000000073e+02
-4.925188756827571979e+02 -3.051623989636535725e+02 3.771960000000000264e+02
4.625363848276927570e+02 2.071611279646771209e+01 3.770500000000000114e+02
8.213023848466079357e+00 5.413368135398588947e+02 3.771569999999999823e+02
-4.029539169220661279e+02 4.950912849477924738e+02 3.745149999999999864e+02
-8.907863544596779093e-01 7.683535453619080613e+01 3.753220000000000027e+02
-1.920760927187157563e+01 5.411844553660279189e+02 3.739449999999999932e+02
4.384464428120747925e+02 5.271952895773526961e+02 3.750319999999999823e+02
-9.595581719564441983e+02 -2.556492359438836957e+02 3.768919999999999959e+02
-4.203057347464836084e+02 -8.438946139479337489e+02 3.771150000000000091e+02
6.210980530920592173e+02 7.656305242359816248e+02 3.771560000000000059e+02
-1.542140655976273251e+02 1.534815344041390404e+02 3.769759999999999991e+02
1.026471047334327551e+02 -2.483115979490723930e+02 3.761809999999999832e+02
-5.685222301006513135e+01 8.791831422976973727e+02 3.763140000000000214e+02
2.171868044972385121e+02 7.182358008686176163e+02 3.726039999999999850e+02
3.424291673501272726e+02 3.301858388858187823e+02 3.729069999999999823e+02
4.238631186391602341e+02 2.012849778772385605e+02 3.733740000000000236e+02
6.979476664703382767e+02 -7.127510128981566595e+01 3.752119999999999891e+02
5.866363288812028713e+02 5.241095659971375653e+01 3.744619999999999891e+02
-1.706631122987814706e+02 -1.374874453695235275e+02 3.742359999999999900e+02
2.923340630411645407e+02 -3.880965062841248709e+02 3.770090000000000146e+02
6.437290059917780809e+02 -1.368808915127206092e+02 3.740389999999999873e+02
5.109515204367495471e+02 2.355040002883421266e+02 3.710679999999999836e+02
2.173045162242171102e+02 1.156900770103836180e+02 3.736940000000000168e+02
-3.510339338495393235e+02 -2.901556413534727881e+02 3.742169999999999845e+02
-4.765720347545578761e+02 -5.285006437316816346e+02 3.734920000000000186e+02
-3.033842826980181258e+02 7.387092018004385636e+02 3.740930000000000177e+02
4.780305546801840251e+02 2.884273642896366709e+02 3.737970000000000255e+02
2.885729123950845860e+02 3.538258817461505146e+02 3.735140000000000100e+02
8.594485502739243543e+01 5.602178156003919867e+02 3.703809999999999718e+02
2.887922328823078999e+01 3.427196136017175832e+01 3.746019999999999754e+02
8.894475111849359905e+00 4.008324801615801789e+02 3.751340000000000146e+02
1.710008141856526152e+02 6.120040109594071964e+02 3.758050000000000068e+02
1.301814017569169550e+02 -4.406118004436757474e+01 3.757479999999999905e+02
-7.244832137215834678e+01 1.516182432874053063e+02 3.760009999999999764e+02
9.966411062908089207e+02 8.069005625755311257e+02 3.751700000000000159e+02
7.901585296089915289e+01 1.011465867787981779e+03 3.762749999999999773e+02
3.565987584804828430e+02 2.787858706693134536e+01 3.736820000000000164e+02
2.163288390289075664e+02 5.751024795560653047e+01 3.726960000000000264e+02
-1.041478731209967634e+02 -7.973686577022471056e+01 3.721220000000000141e+02
3.898122634363657539e+02 2.090452964521563501e+02 3.703539999999999850e+02
1.210166422804619515e+02 9.797275994251683073e+01 3.722839999999999918e+02
2.904521720595460010e+01 1.144986568169157181e+03 3.725090000000000146e+02
-1.532103054019323167e+02 4.304237675232470792e+02 3.729669999999999845e+02
5.113437799869643072e+02 -5.616691331041511148e+02 3.727889999999999873e+02
-4.226132776016385151e+01 5.441788390744052322e+02 3.742509999999999764e+02
-2.566624168690481156e+02 7.446491797959598671e+02 3.690649999999999977e+02
5.740813354465337852e+02 3.359717130409103447e+01 3.683279999999999745e+02
5.714711987945006513e+02 6.504450620807782570e+02 3.732200000000000273e+02
-2.075293569777775247e+02 -1.560823968519664504e+02 3.746179999999999950e+02
3.673518336198067402e+01 6.260167969795177214e+02 3.743399999999999750e+02
2.588677336222290251e+02 7.030830730565253361e+01 3.728120000000000118e+02
7.493245547847690204e+02 7.369966495886958455e+02 3.728029999999999973e+02
-1.489133209906422053e+02 -2.436503992547926600e+02 3.726129999999999995e+02
2.664132803652445318e+02 5.525557196713114081e+02 3.710710000000000264e+02
-4.616154968702085171e+02 2.594903571828921258e+02 3.722509999999999764e+02
1.555906980386749012e+02 -7.604007497338648136e+01 3.729130000000000109e+02
2.814905727536799986e+02 -5.855197277890740679e+02 3.740339999999999918e+02
-7.197142282883329472e+02 -1.459405520828790941e+02 3.752620000000000005e+02
-4.243203007881546682e+02 -1.337569878232597489e+02 3.752210000000000036e+02
9.941326554087845579e+01 -5.301346789350026256e+01 3.750289999999999964e+02
1.637533474391817663e+02 -3.183668594151180287e+02 3.751279999999999859e+02
5.731270233022809180e+02 -5.999474457974907864e+02 3.739689999999999941e+02
1.000562121995268399e+02 -2.537101260885370948e+02 3.735029999999999859e+02
2.954951730180893037e+02 5.809348251723928342e+02 3.757200000000000273e+02
-3.186038597565526516e+02 6.875016793118109035e+02 3.755219999999999914e+02
1.317733732335422701e+03 -5.844602470402522840e+02 3.753399999999999750e+02
3.984287871917080111e+02 9.267506812838868768e+01 3.755439999999999827e+02
2.390345299884902488e+02 -7.841832186727024236e+02 3.756159999999999854e+02
6.291850580869476062e+02 2.050175568531330725e+02 3.752459999999999809e+02
