8.791519979110712484e+02 7.825635677527225198e+02 3.770110000000000241e+02
-5.465815996485662254e+01 6.442124565742496998e+02 3.772850000000000250e+02
3.976025665389117876e+02 1.060708550818061667e+03 3.773090000000000259e+02
1.192937699864420210e+03 -8.250686464829476563e+02 3.772909999999999968e+02
6.048702408490812559e+02 6.651516234815267126e+01 3.773389999999999986e+02
-5.152878946019409341e+02 3.472672128542831160e+02 3.772579999999999814e+02
4.114742159754109707e+02 -7.090614893861674091e+02 3.772699999999999818e+02
1.174811436688517915e+03 -3.723269136221123290e+02 3.772139999999999986e+02
-1.033796645663681829e+03 -5.548037628807483088e+02 3.770020000000000095e+02
-8.494143158098535196e+02 -4.926623073041140515e+02 3.770179999999999723e+02
4.471684281624000050e+02 -4.532661941483065675e+02 3.770500000000000114e+02
-2.758437262361007924e+01 2.764923662532403341e+02 3.772540000000000191e+02
-5.161073714156608503e+02 1.532663182973230960e+02 3.772529999999999859e+02
-6.751607711792019018e+02 7.721798761451832434e+02 3.773000000000000114e+02
-1.788621503112860864e+02 1.152058378846305004e+03 3.772980000000000018e+02
1.284982559302643494e+03 5.378222814755863510e+02 3.766229999999999905e+02
5.281912150577563807e+02 5.134343646252964390e+02 3.768050000000000068e+02
-8.700442340357291187e+02 8.327274711118514006e+02 3.768720000000000141e+02
-1.140529626888545636e+02 -5.171960946807403161e+02 3.769610000000000127e+02
7.063598073960699821e+02 2.769831948697751614e+02 3.771229999999999905e+02
-1.916135116295030230e+02 3.846703476018831225e+02 3.772389999999999759e+02
2.967425553792199935e+02 3.263033987217916092e+02 3.772660000000000196e+02
-7.482492684060448482e+02 1.605109761974340927e+03 3.771800000000000068e+02
3.142029182799901719e+02 1.079035419314441242e+02 3.771000000000000227e+02
-8.310834392600206684e+02 9.944467244200664027e+02 3.772359999999999900e+02
6.445811648047676954e+02 8.726885221881207144e+01 3.772040000000000077e+02
3.804539963737131529e+02 4.917167430510580743e+02 3.772520000000000095e+02
5.775349533832663838e+02 3.521344742566848254e+02 3.770659999999999741e+02
9.876325431767932059e+02 4.401198336657528216e+02 3.770899999999999750e+02
4.487467042191087785e+01 6.966992059736173815e+02 3.769479999999999791e+02
-4.199428681346582835e+02 4.986881481791722308e+02 3.771809999999999832e+02
-3.820799687152756405e+02 -8.773309043383960670e+02 3.769100000000000250e+02
-5.258625817652754222e+02 4.722913265897118436e+02 3.768029999999999973e+02
-9.269729870808778287e+02 -5.136469187796211600e+02 3.750049999999999955e+02
1.797151724850364189e+02 1.110639469280756202e+03 3.763509999999999991e+02
-3.829703375935835084e+02 9.266139683785688703e+02 3.757599999999999909e+02
8.607781953173105194e+02 -6.916481243163329964e+02 3.764759999999999991e+02
-8.554996438710330722e+02 -3.339592019284593789e+02 3.761750000000000114e+02
-6.302718330986494948e+02 1.587207274337772560e+03 3.760539999999999736e+02
1.028069106097736949e+03 1.363524252111362330e+03 3.770310000000000059e+02
1.053593849655015674e+03 -3.136445547157501323e+02 3.772549999999999955e+02
1.286299710313725427e+03 1.108977175766544860e+03 3.772599999999999909e+02
1.079397803106342053e+02 -4.650894107927566665e+02 3.772699999999999818e+02
9.607085929916640907e+02 -3.980703080001854914e+02 3.772699999999999818e+02
-9.037463027358231784e+02 -3.746370714201500505e+02 3.772549999999999955e+02
4.148808203093483371e+02 -8.100894820506924816e+02 3.772389999999999759e+02
-7.770513311509619143e+02 6.299290119547611084e+02 3.772099999999999795e+02
-8.854431043243439490e+02 8.645054252954271305e+02 3.770779999999999745e+02
-8.267873322868742889e+02 5.070170146577743253e+02 3.771610000000000014e+02
1.255599752381096550e+03 1.441504066546177910e+03 3.770240000000000009e+02
-3.724799396333219192e+02 2.873016859231938724e+00 3.749010000000000105e+02
1.249636738572919057e+03 -1.736943975937617779e+01 3.753720000000000141e+02
-6.918299152213105572e+02 -5.988374335690549515e+02 3.751109999999999900e+02
-8.648343973052292313e+02 1.144736176769001759e+02 3.747520000000000095e+02
4.401219568935653115e+02 9.076434355806584335e+02 3.757389999999999759e+02
4.440014379554240804e+02 1.409813069628395169e+03 3.752400000000000091e+02
-6.397072963198181696e+02 1.572180918589342582e+03 3.747730000000000246e+02
-1.739287979774422865e+02 -6.518308398141955422e+02 3.765699999999999932e+02
4.655472513848858398e+02 -2.516153250583898853e+02 3.771920000000000073e+02
9.351012578192417095e+02 -4.971487845965780252e+02 3.771960000000000264e+02
-5.968497775264575012e+01 -1.413041759173793253e+02 3.770500000000000114e+02
4.129918798195831187e+02 2.170513112084768181e+01 3.771569999999999823e+02
1.950706310172483882e+02 8.229221555425508541e+02 3.745149999999999864e+02
1.149638959209431050e+03 -4.835537694485329894e+02 3.753220000000000027e+02
6.769823387102751440e+02 -1.420591428386001098e+01 3.739449999999999932e+02
7.083498819367609940e+02 -6.425042052753008193e+02 3.750319999999999823e+02
2.570091431232544892e+02 -4.918715586246338489e+02 3.768919999999999959e+02
-8.934205408843571377e+02 1.455152018897453672e+03 3.771150000000000091e+02
6.564714758001416612e+02 -8.973064269237578401e+02 3.771560000000000059e+02
-8.358545633374859563e+02 5.964390891200994247e+02 3.769759999999999991e+02
1.126301722799718391e+03 -1.515190803453051558e+02 3.761809999999999832e+02
3.004708756218162762e+02 -9.498165097930925640e+02 3.763140000000000214e+02
-9.093512253687681550e+02 -5.523410772972208633e+02 3.726039999999999850e+02
-4.357770294479201993e+02 6.105977674902899253e+02 3.729069999999999823e+02
5.934397915119591289e+02 1.647205432200983068e+02 3.733740000000000236e+02
-3.913753496347120517e+02 8.331376545948037347e+02 3.752119999999999891e+02
5.991353886759984562e+02 8.146774330066523362e+01 3.744619999999999891e+02
8.047502209599429079e+02 6.535612321358194095e+02 3.742359999999999900e+02
1.152973646533978354e+03 7.622577518120876903e+02 3.770090000000000146e+02
1.566572719230566690e+02 1.313300001999637516e+03 3.740389999999999873e+02
8.801999905858544935e+02 -3.117367527864056456e+02 3.710679999999999836e+02
3.567737190930927227e+02 3.630480771578424992e+02 3.736940000000000168e+02
5.012134497259469299e+02 2.548784716212737749e+02 3.742169999999999845e+02
1.212304750880409301e+03 1.015190578784511672e+03 3.734920000000000186e+02
-6.183831692840856249e+02 1.859174283117301911e+02 3.740930000000000177e+02
-5.747801865600592919e+01 2.130612448605290865e+02 3.737970000000000255e+02
-3.541025884244306781e+02 1.415024217503259479e+03 3.735140000000000100e+02
9.582004846097393056e+02 2.636194196788519548e+02 3.703809999999999718e+02
-4.069860327135794478e+02 -4.579580363432005470e+02 3.746019999999999754e+02
4.259885836627972822e+01 1.622349990088150662e+01 3.751340000000000146e+02
1.200062650249592025e+03 -8.988152937151164679e+02 3.758050000000000068e+02
-3.386465606152593182e+02 -5.352603716471811595e+02 3.757479999999999905e+02
1.284841558239115784e+02 -5.270799345169602930e+02 3.760009999999999764e+02
5.894706861922311418e+02 1.517167647767283142e+03 3.751700000000000159e+02
-8.328590930826485419e+02 -9.698475659398607149e+02 3.762749999999999773e+02
-8.024683187250506080e+02 3.905782921116117450e+02 3.736820000000000164e+02
-7.031816009932526867e+00 3.965327952794004887e+02 3.726960000000000264e+02
-9.094010761083493435e+02 1.109428049776426633e+03 3.721220000000000141e+02
-1.021062904712571594e+03 5.732484346909723172e+01 3.703539999999999850e+02
1.258618495190699832e+03 -4.281524646306280601e+02 3.722839999999999918e+02
-6.905449714327835409e+02 -1.889253675243901398e+01 3.725090000000000146e+02
1.259179816840522562e+03 7.041476425781822854e+02 3.729669999999999845e+02
1.093879025023767099e+03 -4.578361203342711860e+02 3.727889999999999873e+02
4.092313058624563382e+01 1.622121338763076892e+03 3.742509999999999764e+02
-1.111782363110404503e+02 1.042820748823832673e+03 3.690649999999999977e+02
-6.252323635424611439e+02 1.324738103949574452e+03 3.683279999999999745e+02
3.712533743679653071e+02 4.460563592779844839e+02 3.732200000000000273e+02
-6.245500005190021966e+02 -2.911835399898664036e+02 3.746179999999999950e+02
2.265567958728229314e+02 1.003042448224924556e+03 3.743399999999999750e+02
-9.889998354691894065e+02 -1.032846129324290132e+03 3.728120000000000118e+02
8.224210453940161187e+02 7.962336231984345432e+02 3.728029999999999973e+02
-5.649732478075970903e+02 1.333459371501503938e+03 3.726129999999999995e+02
1.124058611156476672e+02 -3.912284040302083667e+02 3.710710000000000264e+02
-6.547011000645850345e+02 1.085785796756426862e+02 3.722509999999999764e+02
3.871383329849732036e+01 -1.957069718943841963e+02 3.729130000000000109e+02
-2.219976506390288478e+02 7.316193960590430834e+02 3.740339999999999918e+02
-3.593678489654757868e+01 3.346908738713398179e+02 3.752620000000000005e+02
-9.543529060834343909e+02 -7.244918520322667064e+02 3.752210000000000036e+02
-6.159685574636963565e+02 1.397650148253452699e+03 3.750289999999999964e+02
1.594200825851653462e+02 5.785775293456918007e+02 3.751279999999999859e+02
1.065151505294369144e+03 2.241085804716335588e+02 3.739689999999999941e+02
-3.556639682051492173e+02 7.219074703900771510e+02 3.735029999999999859e+02
8.331180445853876790e+02 1.990939168876629992e+02 3.757200000000000273e+02
-1.710320358318289209e+02 -5.811513033461742452e+02 3.755219999999999914e+02
5.414345181945448076e+02 2.562501386479134453e+02 3.753399999999999750e+02
-9.324689215912742384e+02 -3.800229015571840137e+02 3.755439999999999827e+02
1.009414130835279593e+03 1.052782470034752805e+03 3.756159999999999854e+02
-3.068376885087632218e+02 9.309386504735900871e+02 3.752459999999999809e+02
